# delta    ubar_pos    ubar_neg
0.000000    1.000000    1.000000
0.010000    0.995490    -8.581219
0.020000    0.990948    -7.576279
0.030000    0.986372    -6.979253
0.040000    0.981763    -6.550634
0.050000    0.977119    -6.214840
0.060000    0.972439    -5.938037
0.070000    0.967724    -5.702101
0.080000    0.962973    -5.496178
0.090000    0.958185    -5.313244
0.100000    0.953359    -5.148489
0.110000    0.948495    -4.998475
0.120000    0.943592    -4.860656
0.130000    0.938649    -4.733096
0.140000    0.933666    -4.614284
0.150000    0.928641    -4.503022
0.160000    0.923575    -4.398342
0.170000    0.918466    -4.299450
0.180000    0.913313    -4.205688
0.190000    0.908116    -4.116503
0.200000    0.902873    -4.031427
0.210000    0.897584    -3.950059
0.220000    0.892248    -3.872054
0.230000    0.886864    -3.797113
0.240000    0.881431    -3.724973
0.250000    0.875948    -3.655404
0.260000    0.870413    -3.588202
0.270000    0.864826    -3.523188
0.280000    0.859186    -3.460199
0.290000    0.853491    -3.399090
0.300000    0.847740    -3.339732
0.310000    0.841932    -3.282006
0.320000    0.836065    -3.225805
0.330000    0.830139    -3.171033
0.340000    0.824151    -3.117600
0.350000    0.818101    -3.065426
0.360000    0.811986    -3.014435
0.370000    0.805806    -2.964558
0.380000    0.799558    -2.915733
0.390000    0.793241    -2.867900
0.400000    0.786853    -2.821005
0.410000    0.780392    -2.774997
0.420000    0.773857    -2.729829
0.430000    0.767244    -2.685455
0.440000    0.760553    -2.641835
0.450000    0.753781    -2.598931
0.460000    0.746925    -2.556704
0.470000    0.739983    -2.515120
0.480000    0.732953    -2.474148
0.490000    0.725832    -2.433756
0.500000    0.718618    -2.393914
0.510000    0.711307    -2.354594
0.520000    0.703896    -2.315771
0.530000    0.696382    -2.277418
0.540000    0.688761    -2.239510
0.550000    0.681031    -2.202026
0.560000    0.673187    -2.164941
0.570000    0.665226    -2.128235
0.580000    0.657143    -2.091885
0.590000    0.648933    -2.055872
0.600000    0.640593    -2.020176
0.610000    0.632117    -1.984776
0.620000    0.623499    -1.949655
0.630000    0.614735    -1.914793
0.640000    0.605817    -1.880171
0.650000    0.596741    -1.845771
0.660000    0.587498    -1.811576
0.670000    0.578081    -1.777565
0.680000    0.568483    -1.743723
0.690000    0.558695    -1.710029
0.750000    0.495411    -1.509912
0.750100    0.495298    -1.509580
0.750200    0.495185    -1.509248
0.750300    0.495072    -1.508916
0.750400    0.494959    -1.508584
0.750500    0.494846    -1.508252
0.750600    0.494733    -1.507920
0.750700    0.494620    -1.507588
0.750800    0.494507    -1.507256
0.750900    0.494394    -1.506924
0.751000    0.494281    -1.506592
0.751100    0.494168    -1.506260
0.751200    0.494055    -1.505928
0.751300    0.493942    -1.505596
0.751400    0.493829    -1.505264
0.751500    0.493715    -1.504932
0.751600    0.493602    -1.504600
0.751700    0.493489    -1.504268
0.751800    0.493376    -1.503936
0.751900    0.493262    -1.503604
0.752000    0.493149    -1.503272
0.752100    0.493036    -1.502940
0.752200    0.492922    -1.502608
0.752300    0.492809    -1.502276
0.752400    0.492695    -1.501944
0.752500    0.492582    -1.501612
0.752600    0.492468    -1.501280
0.752700    0.492355    -1.500948
0.752800    0.492241    -1.500616
0.752900    0.492128    -1.500284
0.753000    0.492014    -1.499952
0.753100    0.491900    -1.499620
0.753200    0.491787    -1.499288
0.753300    0.491673    -1.498956
0.753400    0.491559    -1.498624
0.753500    0.491445    -1.498292
0.753600    0.491332    -1.497960
0.753700    0.491218    -1.497628
0.753800    0.491104    -1.497296
0.753900    0.490990    -1.496964
0.754000    0.490876    -1.496632
0.754100    0.490762    -1.496300
0.754200    0.490648    -1.495968
0.754300    0.490534    -1.495636
0.754400    0.490420    -1.495304
0.754500    0.490306    -1.494972
0.754600    0.490192    -1.494640
0.754700    0.490078    -1.494308
0.754800    0.489964    -1.493976
0.754900    0.489850    -1.493644
0.755000    0.489735    -1.493312
0.755100    0.489621    -1.492980
0.755200    0.489507    -1.492648
0.755300    0.489393    -1.492316
0.755400    0.489278    -1.491984
0.755500    0.489164    -1.491652
0.755600    0.489050    -1.491320
0.755700    0.488935    -1.490988
0.755800    0.488821    -1.490656
0.755900    0.488706    -1.490324
0.756000    0.488592    -1.489991
0.756100    0.488477    -1.489659
0.756200    0.488363    -1.489327
0.756300    0.488248    -1.488995
0.756400    0.488134    -1.488663
0.756500    0.488019    -1.488331
0.756600    0.487905    -1.487999
0.756700    0.487790    -1.487667
0.756800    0.487675    -1.487335
0.756900    0.487560    -1.487003
0.757000    0.487446    -1.486671
0.757100    0.487331    -1.486339
0.757200    0.487216    -1.486007
0.757300    0.487101    -1.485675
0.757400    0.486986    -1.485343
0.757500    0.486871    -1.485011
0.757600    0.486757    -1.484679
0.757700    0.486642    -1.484347
0.757800    0.486527    -1.484015
0.757900    0.486412    -1.483683
0.758000    0.486297    -1.483351
0.758100    0.486181    -1.483019
0.758200    0.486066    -1.482687
0.758300    0.485951    -1.482355
0.758400    0.485836    -1.482023
0.758500    0.485721    -1.481691
0.758600    0.485606    -1.481359
0.758700    0.485490    -1.481027
0.758800    0.485375    -1.480695
0.758900    0.485260    -1.480362
0.759000    0.485145    -1.480030
0.759100    0.485029    -1.479698
0.759200    0.484914    -1.479366
0.759300    0.484798    -1.479034
0.759400    0.484683    -1.478702
0.759500    0.484568    -1.478370
0.759600    0.484452    -1.478038
0.759700    0.484337    -1.477706
0.759800    0.484221    -1.477374
0.759900    0.484105    -1.477042
0.760000    0.483990    -1.476710
0.760100    0.483874    -1.476378
0.760200    0.483758    -1.476046
0.760300    0.483643    -1.475714
0.760400    0.483527    -1.475381
0.760500    0.483411    -1.475049
0.760600    0.483295    -1.474717
0.760700    0.483180    -1.474385
0.760800    0.483064    -1.474053
0.760900    0.482948    -1.473721
0.761000    0.482832    -1.473389
0.761100    0.482716    -1.473057
0.761200    0.482600    -1.472725
0.761300    0.482484    -1.472393
0.761400    0.482368    -1.472061
0.761500    0.482252    -1.471729
0.761600    0.482136    -1.471396
0.761700    0.482020    -1.471064
0.761800    0.481904    -1.470732
0.761900    0.481788    -1.470400
0.762000    0.481671    -1.470068
0.762100    0.481555    -1.469736
0.762200    0.481439    -1.469404
0.762300    0.481323    -1.469072
0.762400    0.481206    -1.468740
0.762500    0.481090    -1.468407
0.762600    0.480974    -1.468075
0.762700    0.480857    -1.467743
0.762800    0.480741    -1.467411
0.762900    0.480624    -1.467079
0.763000    0.480508    -1.466747
0.763100    0.480391    -1.466415
0.763200    0.480275    -1.466083
0.763300    0.480158    -1.465750
0.763400    0.480042    -1.465418
0.763500    0.479925    -1.465086
0.763600    0.479808    -1.464754
0.763700    0.479692    -1.464422
0.763800    0.479575    -1.464090
0.763900    0.479458    -1.463758
0.764000    0.479341    -1.463425
0.764100    0.479224    -1.463093
0.764200    0.479108    -1.462761
0.764300    0.478991    -1.462429
0.764400    0.478874    -1.462097
0.764500    0.478757    -1.461765
0.764600    0.478640    -1.461432
0.764700    0.478523    -1.461100
0.764800    0.478406    -1.460768
0.764900    0.478289    -1.460436
0.765000    0.478172    -1.460104
0.765100    0.478055    -1.459771
0.765200    0.477938    -1.459439
0.765300    0.477820    -1.459107
0.765400    0.477703    -1.458775
0.765500    0.477586    -1.458443
0.765600    0.477469    -1.458111
0.765700    0.477351    -1.457778
0.765800    0.477234    -1.457446
0.765900    0.477117    -1.457114
0.766000    0.476999    -1.456782
0.766100    0.476882    -1.456449
0.766200    0.476765    -1.456117
0.766300    0.476647    -1.455785
0.766400    0.476530    -1.455453
0.766500    0.476412    -1.455121
0.766600    0.476294    -1.454788
0.766700    0.476177    -1.454456
0.766800    0.476059    -1.454124
0.766900    0.475942    -1.453792
0.767000    0.475824    -1.453459
0.767100    0.475706    -1.453127
0.767200    0.475588    -1.452795
0.767300    0.475471    -1.452463
0.767400    0.475353    -1.452130
0.767500    0.475235    -1.451798
0.767600    0.475117    -1.451466
0.767700    0.474999    -1.451134
0.767800    0.474881    -1.450801
0.767900    0.474763    -1.450469
0.768000    0.474645    -1.450137
0.768100    0.474527    -1.449804
0.768200    0.474409    -1.449472
0.768300    0.474291    -1.449140
0.768400    0.474173    -1.448808
0.768500    0.474055    -1.448475
0.768600    0.473937    -1.448143
0.768700    0.473819    -1.447811
0.768800    0.473700    -1.447478
0.768900    0.473582    -1.447146
0.769000    0.473464    -1.446814
0.769100    0.473346    -1.446481
0.769200    0.473227    -1.446149
0.769300    0.473109    -1.445817
0.769400    0.472990    -1.445484
0.769500    0.472872    -1.445152
0.769600    0.472754    -1.444820
0.769700    0.472635    -1.444487
0.769800    0.472517    -1.444155
0.769900    0.472398    -1.443823
0.770000    0.472279    -1.443490
0.770100    0.472161    -1.443158
0.770200    0.472042    -1.442826
0.770300    0.471923    -1.442493
0.770400    0.471805    -1.442161
0.770500    0.471686    -1.441828
0.770600    0.471567    -1.441496
0.770700    0.471448    -1.441164
0.770800    0.471330    -1.440831
0.770900    0.471211    -1.440499
0.771000    0.471092    -1.440166
0.771100    0.470973    -1.439834
0.771200    0.470854    -1.439502
0.771300    0.470735    -1.439169
0.771400    0.470616    -1.438837
0.771500    0.470497    -1.438504
0.771600    0.470378    -1.438172
0.771700    0.470259    -1.437840
0.771800    0.470139    -1.437507
0.771900    0.470020    -1.437175
0.772000    0.469901    -1.436842
0.772100    0.469782    -1.436510
0.772200    0.469663    -1.436177
0.772300    0.469543    -1.435845
0.772400    0.469424    -1.435512
0.772500    0.469305    -1.435180
0.772600    0.469185    -1.434847
0.772700    0.469066    -1.434515
0.772800    0.468946    -1.434182
0.772900    0.468827    -1.433850
0.773000    0.468707    -1.433517
0.773100    0.468588    -1.433185
0.773200    0.468468    -1.432852
0.773300    0.468348    -1.432520
0.773400    0.468229    -1.432187
0.773500    0.468109    -1.431855
0.773600    0.467989    -1.431522
0.773700    0.467870    -1.431190
0.773800    0.467750    -1.430857
0.773900    0.467630    -1.430525
0.774000    0.467510    -1.430192
0.774100    0.467390    -1.429860
0.774200    0.467270    -1.429527
0.774300    0.467151    -1.429195
0.774400    0.467031    -1.428862
0.774500    0.466911    -1.428529
0.774600    0.466791    -1.428197
0.774700    0.466670    -1.427864
0.774800    0.466550    -1.427532
0.774900    0.466430    -1.427199
0.775000    0.466310    -1.426866
0.775100    0.466190    -1.426534
0.775200    0.466070    -1.426201
0.775300    0.465949    -1.425869
0.775400    0.465829    -1.425536
0.775500    0.465709    -1.425203
0.775600    0.465589    -1.424871
0.775700    0.465468    -1.424538
0.775800    0.465348    -1.424205
0.775900    0.465227    -1.423873
0.776000    0.465107    -1.423540
0.776100    0.464986    -1.423207
0.776200    0.464866    -1.422875
0.776300    0.464745    -1.422542
0.776400    0.464625    -1.422209
0.776500    0.464504    -1.421877
0.776600    0.464383    -1.421544
0.776700    0.464263    -1.421211
0.776800    0.464142    -1.420879
0.776900    0.464021    -1.420546
0.777000    0.463900    -1.420213
0.777100    0.463780    -1.419880
0.777200    0.463659    -1.419548
0.777300    0.463538    -1.419215
0.777400    0.463417    -1.418882
0.777500    0.463296    -1.418550
0.777600    0.463175    -1.418217
0.777700    0.463054    -1.417884
0.777800    0.462933    -1.417551
0.777900    0.462812    -1.417218
0.778000    0.462691    -1.416886
0.778100    0.462569    -1.416553
0.778200    0.462448    -1.416220
0.778300    0.462327    -1.415887
0.778400    0.462206    -1.415555
0.778500    0.462085    -1.415222
0.778600    0.461963    -1.414889
0.778700    0.461842    -1.414556
0.778800    0.461721    -1.414223
0.778900    0.461599    -1.413890
0.779000    0.461478    -1.413558
0.779100    0.461356    -1.413225
0.779200    0.461235    -1.412892
0.779300    0.461113    -1.412559
0.779400    0.460992    -1.412226
0.779500    0.460870    -1.411893
0.779600    0.460748    -1.411560
0.779700    0.460627    -1.411228
0.779800    0.460505    -1.410895
0.779900    0.460383    -1.410562
0.780000    0.460262    -1.410229
0.780100    0.460140    -1.409896
0.780200    0.460018    -1.409563
0.780300    0.459896    -1.409230
0.780400    0.459774    -1.408897
0.780500    0.459652    -1.408564
0.780600    0.459530    -1.408231
0.780700    0.459408    -1.407898
0.780800    0.459286    -1.407565
0.780900    0.459164    -1.407232
0.781000    0.459042    -1.406899
0.781100    0.458920    -1.406566
0.781200    0.458798    -1.406233
0.781300    0.458676    -1.405900
0.781400    0.458553    -1.405567
0.781500    0.458431    -1.405234
0.781600    0.458309    -1.404901
0.781700    0.458187    -1.404568
0.781800    0.458064    -1.404235
0.781900    0.457942    -1.403902
0.782000    0.457819    -1.403569
0.782100    0.457697    -1.403236
0.782200    0.457574    -1.402903
0.782300    0.457452    -1.402570
0.782400    0.457329    -1.402237
0.782500    0.457207    -1.401904
0.782600    0.457084    -1.401571
0.782700    0.456961    -1.401238
0.782800    0.456839    -1.400904
0.782900    0.456716    -1.400571
0.783000    0.456593    -1.400238
0.783100    0.456470    -1.399905
0.783200    0.456348    -1.399572
0.783300    0.456225    -1.399239
0.783400    0.456102    -1.398906
0.783500    0.455979    -1.398572
0.783600    0.455856    -1.398239
0.783700    0.455733    -1.397906
0.783800    0.455610    -1.397573
0.783900    0.455487    -1.397240
0.784000    0.455364    -1.396907
0.784100    0.455241    -1.396573
0.784200    0.455118    -1.396240
0.784300    0.454994    -1.395907
0.784400    0.454871    -1.395574
0.784500    0.454748    -1.395240
0.784600    0.454625    -1.394907
0.784700    0.454501    -1.394574
0.784800    0.454378    -1.394241
0.784900    0.454255    -1.393907
0.785000    0.454131    -1.393574
0.785100    0.454008    -1.393241
0.785200    0.453884    -1.392907
0.785300    0.453761    -1.392574
0.785400    0.453637    -1.392241
0.785500    0.453513    -1.391907
0.785600    0.453390    -1.391574
0.785700    0.453266    -1.391241
0.785800    0.453142    -1.390907
0.785900    0.453019    -1.390574
0.786000    0.452895    -1.390241
0.786100    0.452771    -1.389907
0.786200    0.452647    -1.389574
0.786300    0.452523    -1.389241
0.786400    0.452400    -1.388907
0.786500    0.452276    -1.388574
0.786600    0.452152    -1.388240
0.786700    0.452028    -1.387907
0.786800    0.451904    -1.387573
0.786900    0.451780    -1.387240
0.787000    0.451655    -1.386907
0.787100    0.451531    -1.386573
0.787200    0.451407    -1.386240
0.787300    0.451283    -1.385906
0.787400    0.451159    -1.385573
0.787500    0.451034    -1.385239
0.787600    0.450910    -1.384906
0.787700    0.450786    -1.384572
0.787800    0.450661    -1.384239
0.787900    0.450537    -1.383905
0.788000    0.450412    -1.383571
0.788100    0.450288    -1.383238
0.788200    0.450163    -1.382904
0.788300    0.450039    -1.382571
0.788400    0.449914    -1.382237
0.788500    0.449790    -1.381904
0.788600    0.449665    -1.381570
0.788700    0.449540    -1.381236
0.788800    0.449416    -1.380903
0.788900    0.449291    -1.380569
0.789000    0.449166    -1.380235
0.789100    0.449041    -1.379902
0.789200    0.448916    -1.379568
0.789300    0.448791    -1.379234
0.789400    0.448666    -1.378901
0.789500    0.448541    -1.378567
0.789600    0.448416    -1.378233
0.789700    0.448291    -1.377900
0.789800    0.448166    -1.377566
0.789900    0.448041    -1.377232
0.790000    0.447916    -1.376899
0.790100    0.447791    -1.376565
0.790200    0.447666    -1.376231
0.790300    0.447540    -1.375897
0.790400    0.447415    -1.375564
0.790500    0.447290    -1.375230
0.790600    0.447164    -1.374896
0.790700    0.447039    -1.374562
0.790800    0.446914    -1.374228
0.790900    0.446788    -1.373894
0.791000    0.446663    -1.373561
0.791100    0.446537    -1.373227
0.791200    0.446412    -1.372893
0.791300    0.446286    -1.372559
0.791400    0.446160    -1.372225
0.791500    0.446035    -1.371891
0.791600    0.445909    -1.371557
0.791700    0.445783    -1.371224
0.791800    0.445657    -1.370890
0.791900    0.445532    -1.370556
0.792000    0.445406    -1.370222
0.792100    0.445280    -1.369888
0.792200    0.445154    -1.369554
0.792300    0.445028    -1.369220
0.792400    0.444902    -1.368886
0.792500    0.444776    -1.368552
0.792600    0.444650    -1.368218
0.792700    0.444524    -1.367884
0.792800    0.444398    -1.367550
0.792900    0.444271    -1.367216
0.793000    0.444145    -1.366882
0.793100    0.444019    -1.366548
0.793200    0.443893    -1.366214
0.793300    0.443766    -1.365880
0.793400    0.443640    -1.365546
0.793500    0.443514    -1.365211
0.793600    0.443387    -1.364877
0.793700    0.443261    -1.364543
0.793800    0.443134    -1.364209
0.793900    0.443008    -1.363875
0.794000    0.442881    -1.363541
0.794100    0.442755    -1.363207
0.794200    0.442628    -1.362873
0.794300    0.442501    -1.362538
0.794400    0.442375    -1.362204
0.794500    0.442248    -1.361870
0.794600    0.442121    -1.361536
0.794700    0.441994    -1.361201
0.794800    0.441867    -1.360867
0.794900    0.441740    -1.360533
0.795000    0.441614    -1.360199
0.795100    0.441487    -1.359864
0.795200    0.441360    -1.359530
0.795300    0.441233    -1.359196
0.795400    0.441105    -1.358862
0.795500    0.440978    -1.358527
0.795600    0.440851    -1.358193
0.795700    0.440724    -1.357859
0.795800    0.440597    -1.357524
0.795900    0.440470    -1.357190
0.796000    0.440342    -1.356856
0.796100    0.440215    -1.356521
0.796200    0.440088    -1.356187
0.796300    0.439960    -1.355852
0.796400    0.439833    -1.355518
0.796500    0.439705    -1.355183
0.796600    0.439578    -1.354849
0.796700    0.439450    -1.354515
0.796800    0.439323    -1.354180
0.796900    0.439195    -1.353846
0.797000    0.439067    -1.353511
0.797100    0.438940    -1.353177
0.797200    0.438812    -1.352842
0.797300    0.438684    -1.352508
0.797400    0.438556    -1.352173
0.797500    0.438429    -1.351839
0.797600    0.438301    -1.351504
0.797700    0.438173    -1.351169
0.797800    0.438045    -1.350835
0.797900    0.437917    -1.350500
0.798000    0.437789    -1.350166
0.798100    0.437661    -1.349831
0.798200    0.437533    -1.349496
0.798300    0.437405    -1.349162
0.798400    0.437276    -1.348827
0.798500    0.437148    -1.348492
0.798600    0.437020    -1.348158
0.798700    0.436892    -1.347823
0.798800    0.436763    -1.347488
0.798900    0.436635    -1.347154
0.799000    0.436507    -1.346819
0.799100    0.436378    -1.346484
0.799200    0.436250    -1.346149
0.799300    0.436121    -1.345815
0.799400    0.435993    -1.345480
0.799500    0.435864    -1.345145
0.799600    0.435735    -1.344810
0.799700    0.435607    -1.344475
0.799800    0.435478    -1.344140
0.799900    0.435349    -1.343806
0.800000    0.435221    -1.343471
0.801000    0.433931    -1.340121
0.802000    0.432637    -1.336771
0.803000    0.431340    -1.333419
0.804000    0.430039    -1.330065
0.805000    0.428734    -1.326711
0.806000    0.427425    -1.323354
0.807000    0.426112    -1.319997
0.808000    0.424795    -1.316638
0.809000    0.423475    -1.313277
0.810000    0.422150    -1.309914
0.811000    0.420821    -1.306550
0.812000    0.419489    -1.303185
0.813000    0.418152    -1.299817
0.814000    0.416811    -1.296448
0.815000    0.415466    -1.293077
0.816000    0.414116    -1.289705
0.817000    0.412763    -1.286330
0.818000    0.411405    -1.282954
0.819000    0.410043    -1.279576
0.820000    0.408677    -1.276195
0.821000    0.407306    -1.272813
0.822000    0.405931    -1.269429
0.823000    0.404551    -1.266042
0.824000    0.403167    -1.262654
0.825000    0.401779    -1.259263
0.826000    0.400386    -1.255871
0.827000    0.398989    -1.252476
0.828000    0.397587    -1.249078
0.829000    0.396180    -1.245679
0.830000    0.394769    -1.242277
0.831000    0.393353    -1.238872
0.832000    0.391932    -1.235465
0.833000    0.390506    -1.232056
0.834000    0.389076    -1.228644
0.835000    0.387641    -1.225230
0.836000    0.386201    -1.221812
0.837000    0.384756    -1.218393
0.838000    0.383306    -1.214970
0.839000    0.381851    -1.211545
0.840000    0.380390    -1.208117
0.841000    0.378925    -1.204686
0.842000    0.377455    -1.201252
0.843000    0.375979    -1.197815
0.844000    0.374499    -1.194375
0.845000    0.373012    -1.190932
0.846000    0.371521    -1.187486
0.847000    0.370024    -1.184037
0.848000    0.368522    -1.180585
0.849000    0.367014    -1.177129
0.850000    0.365501    -1.173670
0.851000    0.363982    -1.170207
0.852000    0.362458    -1.166741
0.853000    0.360928    -1.163272
0.854000    0.359392    -1.159799
0.855000    0.357851    -1.156323
0.856000    0.356303    -1.152842
0.857000    0.354750    -1.149358
0.858000    0.353191    -1.145871
0.859000    0.351625    -1.142379
0.860000    0.350054    -1.138884
0.861000    0.348477    -1.135384
0.862000    0.346893    -1.131881
0.863000    0.345303    -1.128373
0.864000    0.343707    -1.124861
0.865000    0.342105    -1.121345
0.866000    0.340496    -1.117825
0.867000    0.338881    -1.114300
0.868000    0.337259    -1.110771
0.869000    0.335630    -1.107238
0.870000    0.333995    -1.103699
0.871000    0.332353    -1.100156
0.872000    0.330704    -1.096609
0.873000    0.329049    -1.093056
0.874000    0.327386    -1.089499
0.875000    0.325716    -1.085937
0.876000    0.324040    -1.082370
0.877000    0.322356    -1.078797
0.878000    0.320665    -1.075220
0.879000    0.318966    -1.071637
0.880000    0.317260    -1.068048
0.881000    0.315547    -1.064455
0.882000    0.313826    -1.060856
0.883000    0.312097    -1.057251
0.884000    0.310361    -1.053640
0.885000    0.308617    -1.050024
0.886000    0.306865    -1.046402
0.887000    0.305105    -1.042773
0.888000    0.303336    -1.039139
0.889000    0.301560    -1.035498
0.890000    0.299775    -1.031852
0.891000    0.297982    -1.028199
0.892000    0.296181    -1.024539
0.893000    0.294371    -1.020873
0.894000    0.292552    -1.017200
0.895000    0.290724    -1.013520
0.896000    0.288888    -1.009833
0.897000    0.287042    -1.006140
0.898000    0.285188    -1.002439
0.899000    0.283324    -0.998731
0.900000    0.281451    -0.995015
0.901000    0.279568    -0.991292
0.902000    0.277676    -0.987562
0.903000    0.275774    -0.983823
0.904000    0.273863    -0.980077
0.905000    0.271941    -0.976323
0.906000    0.270009    -0.972561
0.907000    0.268067    -0.968790
0.908000    0.266115    -0.965011
0.909000    0.264152    -0.961223
0.910000    0.262179    -0.957427
0.911000    0.260195    -0.953622
0.912000    0.258199    -0.949807
0.913000    0.256193    -0.945984
0.914000    0.254176    -0.942151
0.915000    0.252147    -0.938309
0.916000    0.250107    -0.934457
0.917000    0.248054    -0.930595
0.918000    0.245990    -0.926723
0.919000    0.243914    -0.922841
0.920000    0.241826    -0.918949
0.921000    0.239725    -0.915046
0.922000    0.237612    -0.911133
0.923000    0.235486    -0.907208
0.924000    0.233347    -0.903272
0.925000    0.231194    -0.899325
0.926000    0.229028    -0.895367
0.927000    0.226849    -0.891396
0.928000    0.224656    -0.887414
0.929000    0.222448    -0.883419
0.930000    0.220227    -0.879412
0.931000    0.217991    -0.875392
0.932000    0.215740    -0.871360
0.933000    0.213474    -0.867314
0.934000    0.211192    -0.863254
0.935000    0.208895    -0.859181
0.936000    0.206583    -0.855094
0.937000    0.204254    -0.850992
0.938000    0.201909    -0.846876
0.939000    0.199547    -0.842745
0.940000    0.197168    -0.838599
0.941000    0.194772    -0.834438
0.942000    0.192358    -0.830260
0.943000    0.189926    -0.826066
0.944000    0.187476    -0.821856
0.945000    0.185007    -0.817629
0.946000    0.182520    -0.813385
0.947000    0.180013    -0.809123
0.948000    0.177486    -0.804843
0.949000    0.174938    -0.800544
0.950000    0.172371    -0.796227
0.951000    0.169782    -0.791891
0.952000    0.167171    -0.787534
0.953000    0.164539    -0.783158
0.954000    0.161884    -0.778760
0.955000    0.159206    -0.774342
0.956000    0.156505    -0.769902
0.957000    0.153780    -0.765439
0.958000    0.151030    -0.760954
0.959000    0.148255    -0.756445
0.960000    0.145455    -0.751913
0.961000    0.142628    -0.747355
0.962000    0.139774    -0.742773
0.963000    0.136892    -0.738164
0.964000    0.133982    -0.733529
0.965000    0.131043    -0.728866
0.966000    0.128074    -0.724176
0.967000    0.125074    -0.719456
0.968000    0.122043    -0.714706
0.969000    0.118979    -0.709926
0.970000    0.115882    -0.705114
0.971000    0.112751    -0.700269
0.972000    0.109585    -0.695391
0.973000    0.106382    -0.690479
0.974000    0.103141    -0.685530
0.975000    0.099863    -0.680545
0.976000    0.096544    -0.675521
0.977000    0.093184    -0.670458
0.978000    0.089782    -0.665355
0.979000    0.086336    -0.660209
0.980000    0.082845    -0.655019
0.981000    0.079306    -0.649784
0.982000    0.075719    -0.644502
0.983000    0.072081    -0.639171
0.984000    0.068391    -0.633789
0.985000    0.064647    -0.628355
0.986000    0.060846    -0.622865
0.987000    0.056986    -0.617318
0.988000    0.053064    -0.611712
0.989000    0.049078    -0.606043
0.990000    0.045026    -0.600308
0.991000    0.040903    -0.594506
0.992000    0.036707    -0.588631
0.993000    0.032435    -0.582681
0.994000    0.028081    -0.576653
0.995000    0.023643    -0.570540
0.996000    0.019115    -0.564340
0.997000    0.014492    -0.558047
0.998000    0.009770    -0.551656
0.999000    0.004941    -0.545160
1.000000    0.000000    -0.538553
1.001000    -0.005061    -0.531827
1.002000    -0.010251    -0.524975
1.003000    -0.015578    -0.517987
1.004000    -0.021053    -0.510853
1.005000    -0.026687    -0.503561
1.006000    -0.032494    -0.496097
1.007000    -0.038489    -0.488448
1.008000    -0.044690    -0.480594
1.009000    -0.051117    -0.472516
1.010000    -0.057793    -0.464189
1.011000    -0.064749    -0.455584
1.012000    -0.072019    -0.446668
1.013000    -0.079645    -0.437397
1.014000    -0.087679    -0.427719
1.015000    -0.096191    -0.417565
1.016000    -0.105267    -0.406848
1.017000    -0.115028    -0.395448
1.018000    -0.125642    -0.383197
1.019000    -0.137360    -0.369843
1.020000    -0.150587    -0.354981
1.021000    -0.166060    -0.337875
1.022000    -0.185428    -0.316875
1.023000    -0.214801    -0.285872
1.024000    0.000000    0.000000
1.025000    0.000000    0.000000
1.026000    0.000000    0.000000
1.027000    0.000000    0.000000
1.028000    0.000000    0.000000
1.029000    0.000000    0.000000
1.030000    0.000000    0.000000
1.031000    0.000000    0.000000
1.032000    0.000000    0.000000
1.033000    0.000000    0.000000
1.034000    0.000000    0.000000
1.035000    0.000000    0.000000
1.036000    0.000000    0.000000
1.037000    0.000000    0.000000
1.038000    0.000000    0.000000
1.039000    0.000000    0.000000
1.040000    0.000000    0.000000
1.041000    0.000000    0.000000
1.042000    0.000000    0.000000
1.043000    0.000000    0.000000
1.044000    0.000000    0.000000
1.045000    0.000000    0.000000
1.046000    0.000000    0.000000
1.047000    0.000000    0.000000
1.048000    0.000000    0.000000
1.049000    0.000000    0.000000
1.050000    0.000000    0.000000
1.051000    0.000000    0.000000
1.052000    0.000000    0.000000
1.053000    0.000000    0.000000
1.054000    0.000000    0.000000
1.055000    0.000000    0.000000
1.056000    0.000000    0.000000
1.057000    0.000000    0.000000
1.058000    0.000000    0.000000
1.059000    0.000000    0.000000
1.060000    0.000000    0.000000
1.061000    0.000000    0.000000
1.062000    0.000000    0.000000
1.063000    0.000000    0.000000
1.064000    0.000000    0.000000
1.065000    0.000000    0.000000
1.066000    0.000000    0.000000
1.067000    0.000000    0.000000
1.068000    0.000000    0.000000
1.069000    0.000000    0.000000
1.070000    0.000000    0.000000
1.071000    0.000000    0.000000
1.072000    0.000000    0.000000
1.073000    0.000000    0.000000
1.074000    0.000000    0.000000
1.075000    0.000000    0.000000
1.076000    0.000000    0.000000
1.077000    0.000000    0.000000
1.078000    0.000000    0.000000
1.079000    0.000000    0.000000
1.080000    0.000000    0.000000
1.081000    0.000000    0.000000
1.082000    0.000000    0.000000
1.083000    0.000000    0.000000
1.084000    0.000000    0.000000
1.085000    0.000000    0.000000
1.086000    0.000000    0.000000
1.087000    0.000000    0.000000
1.088000    0.000000    0.000000
1.089000    0.000000    0.000000
1.090000    0.000000    0.000000
1.091000    0.000000    0.000000
1.092000    0.000000    0.000000
1.093000    0.000000    0.000000
1.094000    0.000000    0.000000
1.095000    0.000000    0.000000
1.096000    0.000000    0.000000
1.097000    0.000000    0.000000
1.098000    0.000000    0.000000
1.099000    0.000000    0.000000
1.100000    0.000000    0.000000
